X Z
1.00000000 0.00000000
0.99939773 0.00011308
0.99759236 0.00045206
0.99458825 0.00101612
0.99039264 0.00180389
0.98501563 0.00281204
0.97847017 0.00403453
0.97077203 0.00547231
0.96193977 0.00722973
0.95199465 0.00922008
0.94096063 0.01154129
0.92886431 0.01415975
0.91573481 0.01705357
0.90160377 0.02036677
0.88650523 0.02393246
0.87047556 0.02797216
0.85355339 0.03230460
0.83577948 0.03705796
0.81719664 0.04216479
0.79784965 0.04758557
0.77778512 0.05339523
0.75705137 0.05946020
0.73569837 0.06577245
0.71377755 0.07231353
0.69134172 0.07896234
0.66844493 0.08565108
0.64514234 0.09228356
0.62149009 0.09859673
0.59754516 0.10450482
0.57336524 0.10987193
0.54900857 0.11459565
0.52453384 0.11863374
0.50000000 0.12199881
0.47546616 0.12464579
0.45099143 0.12659379
0.42663476 0.12791439
0.40245484 0.12861714
0.37850991 0.12872657
0.35485766 0.12827849
0.33155507 0.12720395
0.30865828 0.12553887
0.28622245 0.12338675
0.26430163 0.12078219
0.24294863 0.11772966
0.22221488 0.11406255
0.20215035 0.11003097
0.18280336 0.10569056
0.16422052 0.10086947
0.14644661 0.09566576
0.12952444 0.09029925
0.11349477 0.08452646
0.09839623 0.07848709
0.08426519 0.07249362
0.07113569 0.06593119
0.05903937 0.05951736
0.04800535 0.05294546
0.03806023 0.04628515
0.02922797 0.03992258
0.02152983 0.03321187
0.01498437 0.02699660
0.00960736 0.02083999
0.00541175 0.01480288
0.00240764 0.00926201
0.00060227 0.00409187
0.00000000 0.00000000
0.00060227 -0.00318184
0.00240764 -0.00640066
0.00541175 -0.00898854
0.00960736 -0.01107158
0.01498437 -0.01235598
0.02152983 -0.01330595
0.02922797 -0.01414991
0.03806023 -0.01460439
0.04800535 -0.01493881
0.05903937 -0.01502216
0.07113569 -0.01489394
0.08426519 -0.01464390
0.09839623 -0.01417942
0.11349477 -0.01362280
0.12952444 -0.01292641
0.14644661 -0.01208856
0.16422052 -0.01115471
0.18280336 -0.01010974
0.20215035 -0.00896599
0.22221488 -0.00775521
0.24294863 -0.00648544
0.26430163 -0.00516630
0.28622245 -0.00381451
0.30865828 -0.00243907
0.33155507 -0.00105022
0.35485766 0.00033521
0.37850991 0.00169694
0.40245484 0.00303102
0.42663476 0.00432249
0.45099143 0.00555590
0.47546616 0.00671752
0.50000000 0.00778723
0.52453384 0.00874039
0.54900857 0.00957764
0.57336524 0.01029207
0.59754516 0.01087847
0.62149009 0.01133535
0.64514234 0.01166426
0.66844493 0.01183448
0.69134172 0.01188948
0.71377755 0.01184238
0.73569837 0.01170078
0.75705137 0.01142190
0.77778512 0.01106795
0.79784965 0.01065123
0.81719664 0.01009989
0.83577948 0.00950709
0.85355339 0.00885703
0.87047556 0.00813334
0.88650523 0.00741297
0.90160377 0.00660995
0.91573481 0.00584589
0.92886431 0.00505441
0.94096063 0.00430416
0.95199465 0.00358626
0.96193977 0.00288848
0.97077203 0.00226390
0.97847017 0.00167456
0.98501563 0.00117346
0.99039264 0.00075421
0.99458825 0.00042484
0.99759236 0.00018901
0.99939773 0.00004728
1.00000000 0.00000000
